   0.0000000e+00   7.2610100e+01  -3.2280200e-01  -4.5455100e+00
   1.0000000e-01   7.2559000e+01  -7.1100100e-01  -2.9688500e+00
   2.0000000e-01   7.2476600e+01  -9.3454800e-01  -1.5862600e+00
   3.0000000e-01   7.2375300e+01  -1.1278200e+00   1.7039100e+00
   4.0000000e-01   7.2275700e+01  -7.8256700e-01   2.3247300e+00
   5.0000000e-01   7.2150800e+01  -3.4453100e+00  -1.0024800e+02
   6.0000000e-01   7.1013700e+01  -2.7298800e+01  -4.4685500e+02
   7.0000000e-01   6.5785000e+01  -8.9594800e+01  -7.9860000e+02
   8.0000000e-01   5.3105100e+01  -1.7208900e+02  -7.5993800e+02
   9.0000000e-01   3.2998500e+01  -2.2640200e+02  -1.9230200e+02
   1.0000000e+00   1.0423600e+01  -2.1115700e+02   5.3962300e+02
   1.1000000e+00  -7.6980000e+00  -1.3814600e+02   8.6765200e+02
   1.2000000e+00  -1.7625100e+01  -5.3490000e+01   7.6052600e+02
   1.3000000e+00  -1.9887600e+01   9.6560000e+00   4.6530100e+02
   1.4000000e+00  -1.7167700e+01   4.3817400e+01   2.0634900e+02
   1.5000000e+00  -1.2113900e+01   5.4901400e+01  -2.7924600e+00
   1.6000000e+00  -6.8621100e+00   4.6423000e+01  -1.7113800e+02
   1.7000000e+00  -3.1016400e+00   2.5743200e+01  -2.2087500e+02
   1.8000000e+00  -1.4347100e+00   7.4083000e+00  -1.1942700e+02
   1.9000000e+00  -1.0795600e+00   8.9858700e-01  -1.2718500e+01
   2.0000000e+00  -9.9823400e-01   1.1596800e+00   1.0344200e+01
   2.1000000e+00  -8.4011800e-01   1.9885700e+00   4.5191300e+00
   2.2000000e+00  -6.2942600e-01   2.1274600e+00  -2.2918600e+00
   2.3000000e+00  -4.3573700e-01   1.5681500e+00  -9.4481200e+00
   2.4000000e+00  -3.2450300e-01   5.6319600e-01  -8.4715300e+00
   2.5000000e+00  -2.9755800e-01   4.4272600e-02  -1.5255200e+00
   2.6000000e+00  -2.9643000e-01   1.0103200e-05  -8.7756700e-04
   2.7000000e+00  -2.9643000e-01   0.0000000e+00   0.0000000e+00
   2.8000000e+00  -2.9643000e-01   0.0000000e+00   0.0000000e+00
   2.9000000e+00  -2.9642900e-01   2.3348400e-05   7.7242000e-03
   3.0000000e+00  -2.9534200e-01   6.8045600e-02   2.8801800e+00
   3.1000000e+00  -2.6979700e-01   5.3751400e-01   4.2070800e+00
   3.2000000e+00  -2.0104800e-01   8.4715100e-01   2.8931800e+00
   3.3000000e+00  -1.0249500e-01   1.1654800e+00   3.3870900e+00
