0.0000000000000000e+00 7.2610100000000003e+01 -3.2280200000000003e-01
1.0000000000000001e-01 7.2467472891228510e+01 -2.3497795369382914e+00
2.0000000000000001e-01 7.2190569737355233e+01 -2.8638636728620290e+00
3.0000000000000004e-01 7.1975309350184006e+01 -1.0081688423605455e+00
4.0000000000000002e-01 7.2042427649383114e+01 2.2277554795325178e+00
5.0000000000000000e-01 7.2213423229623814e+01 -1.0921638692059243e+00
6.0000000000000009e-01 7.1023823328933375e+01 -2.7930061982319693e+01
7.0000000000000007e-01 6.5413136833315562e+01 -9.0385210412288160e+01
8.0000000000000004e-01 5.2341217605567941e+01 -1.7078295161639878e+02
9.0000000000000002e-01 3.2198246161152568e+01 -2.2302453149159498e+02
1.0000000000000000e+00 9.9172442322860128e+00 -2.1093600102960886e+02
1.1000000000000001e+00 -7.9666636096195678e+00 -1.4186673593154507e+02
1.2000000000000000e+00 -1.7728156220023557e+01 -5.3922035712713850e+01
1.3000000000000000e+00 -1.9438073557837644e+01 1.3950628808119411e+01
1.3999999999999999e+00 -1.6098509380959722e+01 4.7373428888159779e+01
1.5000000000000000e+00 -1.0946579636574405e+01 5.2474334433684994e+01
1.6000000000000001e+00 -6.1540797177694717e+00 4.1834037512400030e+01
1.7000000000000002e+00 -2.7287093395048396e+00 2.6609764305647115e+01
1.8000000000000000e+00 -7.6034485124132878e-01 1.3374571677500406e+01
1.8999999999999999e+00 9.0442612049272564e-02 4.4017127497597679e+00
2.0000000000000000e+00 2.6740972474949998e-01 -3.0706703454715312e-01
2.1000000000000001e+00 1.3979568978428419e-01 -1.8039014687378858e+00
2.2000000000000002e+00 -3.4699675371981618e-02 -1.4762304219124460e+00
2.2999999999999998e+00 -1.3683995803696358e-01 -5.4645199027005953e-01
2.3999999999999999e+00 -1.5114888857692610e-01 1.8660686459703901e-01
2.5000000000000000e+00 -1.1754319878030037e-01 3.9509652721733207e-01
2.6000000000000001e+00 -8.6956812104031625e-02 1.7540804198981105e-01
2.7000000000000002e+00 -8.6126997476537501e-02 -1.4155387622690940e-01
2.7999999999999998e+00 -1.0674400071003978e-01 -2.1547798244649963e-01
2.8999999999999999e+00 -1.1843157574649439e-01 2.1272078503958292e-02
3.0000000000000000e+00 -1.0191848970460890e-01 2.7266127200008072e-01
3.1000000000000001e+00 -7.8664817875328988e-02 9.0301815984671088e-02
3.2000000000000002e+00 -1.0031031246067938e-01 -5.4767704214067914e-01
3.2999999999999998e+00 -1.6853673150899137e-01 -5.4681587484388849e-01
