0.0000000000000000e+00 7.2610100000000003e+01 -3.2280200000000003e-01
1.0000000000000001e-01 7.2467461356482445e+01 -2.3498506889008675e+00
2.0000000000000001e-01 7.2190145336570012e+01 -2.8654841194222471e+00
3.0000000000000004e-01 7.1975013758626872e+01 -1.0061590856243714e+00
4.0000000000000002e-01 7.2043194637287627e+01 2.2473058820178502e+00
5.0000000000000000e-01 7.2219337309498840e+01 -1.0337518612525727e+00
6.0000000000000009e-01 7.1047277123017480e+01 -2.7895435003485808e+01
7.0000000000000007e-01 6.5415296239636419e+01 -9.0401801253240038e+01
8.0000000000000004e-01 5.2325250506703348e+01 -1.7099271045722159e+02
9.0000000000000002e-01 3.2173931532000282e+01 -2.2323381062473953e+02
1.0000000000000000e+00 9.8895500656441193e+00 -2.1081785742114872e+02
1.1000000000000001e+00 -8.0337983128495321e+00 -1.4092818716789654e+02
1.2000000000000000e+00 -1.7717719513990772e+01 -5.3519663401501298e+01
1.3000000000000000e+00 -1.9431605895824312e+01 1.3959980804515943e+01
1.3999999999999999e+00 -1.6086301906782449e+01 4.7318858211665599e+01
1.5000000000000000e+00 -1.0922094568493005e+01 5.2266538094318165e+01
1.6000000000000001e+00 -6.1475390736532347e+00 4.1688061483264420e+01
1.7000000000000002e+00 -2.7290183754334434e+00 2.6604710290838671e+01
1.8000000000000000e+00 -7.6035304493214617e-01 1.3374559777650083e+01
1.8999999999999999e+00 9.0399152034523686e-02 4.4018022358086970e+00
2.0000000000000000e+00 2.6373785358294494e-01 -2.9376524330103787e-01
2.1000000000000001e+00 1.3841830529535620e-01 -1.7945524090105927e+00
2.2000000000000002e+00 -3.4729619379689096e-02 -1.4756686462474549e+00
2.2999999999999998e+00 -1.3682464810445191e-01 -5.4607954385224511e-01
2.3999999999999999e+00 -1.5105435240342646e-01 1.8674795310205117e-01
2.5000000000000000e+00 -1.1746126533056192e-01 3.9455874876805030e-01
2.6000000000000001e+00 -8.6789505577066536e-02 1.7152234744177289e-01
2.7000000000000002e+00 -8.6157894367947199e-02 -1.4187204170117954e-01
2.7999999999999998e+00 -1.0685551805264362e-01 -2.1525679451002031e-01
2.8999999999999999e+00 -1.1843123900305362e-01 2.1297597270454022e-02
3.0000000000000000e+00 -1.0183399822461027e-01 2.7374604246202000e-01
3.1000000000000001e+00 -7.8661903571985548e-02 9.0269420760904134e-02
3.2000000000000002e+00 -1.0035832280837396e-01 -5.5003535809607140e-01
3.2999999999999998e+00 -1.6852675793075564e-01 -5.4675145921744839e-01
