0.0000000000000000e+00 7.2610100000000003e+01 -3.2280200000000003e-01
3.2673267326732675e-02 7.2461268229303229e+01 -9.0506041819633438e+00
6.5346534653465349e-02 7.2047457417585235e+01 -1.7296783258371182e+01
9.8019801980198010e-02 7.1420233022246137e+01 -2.5052747720830574e+01
1.3069306930693070e-01 7.0587105987990753e+01 -3.2318173117706451e+01
1.6336633663366337e-01 6.9548076314819085e+01 -3.9093059448998801e+01
1.9603960396039602e-01 6.8303144002731145e+01 -4.5377406714707604e+01
2.2871287128712872e-01 6.6852309051726934e+01 -5.1171214914832902e+01
2.6138613861386140e-01 6.5195571461806452e+01 -5.6474484049374652e+01
2.9405940594059404e-01 6.3332931232969685e+01 -6.1287214118332869e+01
3.2673267326732675e-01 6.1264388365216647e+01 -6.5609405121707582e+01
3.5940594059405939e-01 5.8989942858547337e+01 -6.9441057059498746e+01
3.9207920792079204e-01 5.6509594712961743e+01 -7.2782169931706377e+01
4.2475247524752474e-01 5.4168560620271563e+01 -7.5747639247318304e+01
4.5742574257425744e-01 5.1809447107907062e+01 -7.8343561201797129e+01
4.9009900990099003e-01 4.9416566841444130e+01 -8.0566402221050254e+01
5.2277227722772279e-01 4.6989919820882733e+01 -8.2416162305077691e+01
5.5544554455445549e-01 4.4529506046222906e+01 -8.3892841453879427e+01
5.8811881188118809e-01 4.2035325517464635e+01 -8.4996439667455462e+01
6.2079207920792079e-01 3.9507378234607920e+01 -8.5726956945805824e+01
6.5346534653465349e-01 3.6945664197652754e+01 -8.6084393288930471e+01
6.8613861386138608e-01 3.4350183406599157e+01 -8.6068748696829417e+01
7.1881188118811878e-01 3.1720935861447106e+01 -8.5680023169502689e+01
7.5148514851485149e-01 2.9057921562196615e+01 -8.4918216706950247e+01
7.8415841584158408e-01 2.6361140508847686e+01 -8.3783329309172117e+01
8.1683168316831678e-01 2.3630592701400310e+01 -8.2275360976168287e+01
8.4950495049504948e-01 2.0866278139854479e+01 -8.0394311707938755e+01
8.8217821782178218e-01 1.8068196824210212e+01 -7.8140181504483550e+01
9.1485148514851489e-01 1.5330236050001512e+01 -7.5666253690001724e+01
9.4752475247524737e-01 1.2980675986513500e+01 -7.3553496202862078e+01
9.8019801980198007e-01 1.0715983961986630e+01 -7.1335653522339399e+01
1.0128712871287129e+00 8.5361599764209082e+00 -6.9012725648433701e+01
1.0455445544554456e+00 6.4412040298163511e+00 -6.6584712581144970e+01
1.0782178217821783e+00 4.4311161221729503e+00 -6.4051614320473220e+01
1.1108910891089110e+00 2.5058962534907057e+00 -6.1413430866418437e+01
1.1435643564356435e+00 6.6554442376962974e-01 -5.8670162218980664e+01
1.1762376237623762e+00 -1.0899393669903024e+00 -5.5821808378159837e+01
1.2089108910891089e+00 -2.7605551187890729e+00 -5.2868369343955990e+01
1.2415841584158416e+00 -4.3463028316266890e+00 -4.9809845116369118e+01
1.2742574257425743e+00 -5.8471825055031506e+00 -4.6646235695399220e+01
1.3069306930693070e+00 -7.2631941404184577e+00 -4.3377541081046303e+01
1.3396039603960397e+00 -8.5943377363726032e+00 -4.0003761273310353e+01
1.3722772277227722e+00 -9.8406132933655872e+00 -3.6524896272191405e+01
1.4049504950495049e+00 -1.1002020811397424e+01 -3.2940946077689411e+01
1.4376237623762376e+00 -1.2011196978702769e+01 -2.9789959241264725e+01
1.4702970297029703e+00 -1.2918533051644413e+01 -2.6814949110640434e+01
1.5029702970297030e+00 -1.3738725583282864e+01 -2.3913021992163799e+01
1.5356435643564357e+00 -1.4471774573618120e+01 -2.1084177885834826e+01
1.5683168316831682e+00 -1.5117680022650179e+01 -1.8328416791653524e+01
1.6009900990099009e+00 -1.5676441930379047e+01 -1.5645738709619863e+01
1.6336633663366336e+00 -1.6148060296804722e+01 -1.3036143639733858e+01
1.6663366336633663e+00 -1.6532535121927204e+01 -1.0499631581995509e+01
1.6990099009900990e+00 -1.6829866405746490e+01 -8.0362025364048222e+00
1.7316831683168317e+00 -1.7040054148262584e+01 -5.6458565029617880e+00
1.7643564356435644e+00 -1.7163098349475483e+01 -3.3285934816664096e+00
1.7970297029702971e+00 -1.7198999009385187e+01 -1.0844134725186976e+00
1.8297029702970298e+00 -1.7147756127991698e+01 1.0866835244813657e+00
1.8623762376237620e+00 -1.7009369705295015e+01 3.1846975093337377e+00
1.8950495049504947e+00 -1.6800918470068858e+01 5.1777457968345351e+00
1.9277227722772274e+00 -1.6620231973830663e+01 6.9128711663056457e+00
1.9603960396039601e+00 -1.6400289951993972e+01 8.5364964499813780e+00
1.9930693069306928e+00 -1.6141092404558783e+01 1.0048621647861733e+01
2.0257425742574258e+00 -1.5842639331525096e+01 1.1449246759946718e+01
2.0584158415841585e+00 -1.5504930732892912e+01 1.2738371786236314e+01
2.0910891089108912e+00 -1.5127966608662234e+01 1.3915996726730533e+01
2.1237623762376239e+00 -1.4711746958833057e+01 1.4982121581429373e+01
2.1564356435643566e+00 -1.4256271783405385e+01 1.5936746350332836e+01
2.1891089108910893e+00 -1.3761541082379216e+01 1.6779871033440919e+01
2.2217821782178220e+00 -1.3227554855754548e+01 1.7511495630753629e+01
2.2544554455445547e+00 -1.2654313103531386e+01 1.8131620142270954e+01
2.2871287128712869e+00 -1.2041815825709733e+01 1.8640244567992898e+01
2.3198019801980196e+00 -1.1390063022289578e+01 1.9037368907919472e+01
2.3524752475247523e+00 -1.0699054693270924e+01 1.9322993162050665e+01
2.3851485148514850e+00 -9.9797473028555199e+00 1.9503351954401285e+01
2.4178217821782177e+00 -9.3657837051285178e+00 1.9665696121061366e+01
2.4504950495049505e+00 -8.7572205868853104e+00 1.9762632599179952e+01
2.4831683168316832e+00 -8.1540579481258995e+00 1.9794161388757043e+01
2.5158415841584159e+00 -7.5562957888502833e+00 1.9760282489792640e+01
2.5485148514851486e+00 -6.9639341090584637e+00 1.9660995902286739e+01
2.5811881188118813e+00 -6.3769729087504397e+00 1.9496301626239347e+01
2.6138613861386140e+00 -5.7954121879262104e+00 1.9266199661650461e+01
2.6465346534653467e+00 -5.2192519465857776e+00 1.8970690008520080e+01
2.6792079207920794e+00 -4.6484921847291405e+00 1.8609772666848205e+01
2.7118811881188116e+00 -4.0831329023563079e+00 1.8183447636634842e+01
2.7445544554455443e+00 -3.5231740994672620e+00 1.7691714917879978e+01
2.7772277227722770e+00 -2.9686157760620109e+00 1.7134574510583622e+01
2.8099009900990097e+00 -2.4194579321405563e+00 1.6512026414745769e+01
2.8425742574257424e+00 -1.8757005677028982e+00 1.5824070630366421e+01
2.8752475247524751e+00 -1.3373436827490348e+00 1.5070707157445581e+01
2.9079207920792078e+00 -8.3234088396584549e-01 1.4320499264220437e+01
2.9405940594059405e+00 -3.9055426558808248e-01 1.3657230293337644e+01
2.9732673267326732e+00 2.8922332833583031e-02 1.2985334569166971e+01
3.0059405940594059e+00 4.2608891129915083e-01 1.2304812091708420e+01
3.0386138613861386e+00 8.0094546980862158e-01 1.1615662860961992e+01
3.0712871287128714e+00 1.1534920083619946e+00 1.0917886876927685e+01
3.1039603960396036e+00 1.4837285269592662e+00 1.0211484139605510e+01
3.1366336633663363e+00 1.7916550256004440e+00 9.4964546489954440e+00
3.1693069306930690e+00 2.0772715042855250e+00 8.7727984050975021e+00
3.2019801980198017e+00 2.3405779630145087e+00 8.0405154079116805e+00
3.2346534653465344e+00 2.5815744017873952e+00 7.2996056574379811e+00
3.2673267326732671e+00 2.8002608206041835e+00 6.5500691536764037e+00
3.2999999999999998e+00 2.9966372194648745e+00 5.7919058966269468e+00
